City,Lat,Long,Max Temp (C),Humidity,Cloudiness,Windspeed,Country Code,Date
Hobart,-42.88,147.33,15.56,54,20,5.7,AU,1601264934
Hilo,19.73,-155.09,27.0,69,20,3.6,US,1601265532
Qaanaaq,77.48,-69.36,-11.03,78,37,3.66,GL,1601265709
Flin Flon,54.77,-101.86,5.81,83,81,4.1,CA,1601265445
Punta Arenas,-53.15,-70.92,6.0,75,20,15.4,CL,1601265709
Longyearbyen,78.22,15.64,1.0,100,90,8.7,SJ,1601265655
Tessalit,20.2,1.01,28.34,15,0,2.64,ML,1601265456
Puerto Ayora,-0.74,-90.35,20.0,88,96,3.58,EC,1601265711
Praia,14.92,-23.51,25.0,94,20,2.1,CV,1601265446
Sanghar,26.05,68.95,28.0,78,0,3.1,PK,1601265695
Albany,-35.02,117.89,16.0,67,90,7.7,AU,1601265712
Rikitea,-23.12,-134.97,23.64,78,0,4.55,PF,1601265712
Perelyub,51.87,50.37,11.67,55,63,1.43,RU,1601265712
Tasiilaq,65.61,-37.64,1.0,86,100,1.0,GL,1601265713
Hennenman,-27.98,27.02,2.28,76,0,2.69,ZA,1601265713
Butaritari,3.07,172.79,27.61,79,1,6.91,KI,1601265714
Bluff,-46.6,168.33,5.56,71,96,8.94,NZ,1601265667
Bonavista,48.65,-53.11,15.18,88,100,8.26,CA,1601265714
Cap Malheureux,-19.98,57.61,25.0,72,4,3.58,MU,1601265715
Olafsvik,64.89,-23.71,7.17,80,100,2.1,IS,1601265715
Bulgan,48.81,103.53,7.66,57,0,1.79,MN,1601265716
Ostrovnoy,68.05,39.51,6.43,86,65,5.94,RU,1601265716
Ushuaia,-54.8,-68.3,5.0,75,40,7.2,AR,1601265423
Tiznit Province,29.58,-9.5,21.88,50,0,1.1,MA,1601265717
Bengkulu,-3.8,102.27,29.85,64,54,4.8,ID,1601265717
Tuktoyaktuk,69.45,-133.04,2.0,100,90,2.1,CA,1601265718
Port Blair,11.67,92.75,28.58,74,99,3.99,IN,1601265718
Cape Town,-33.93,18.42,5.0,86,20,2.6,ZA,1601265685
Khatanga,71.97,102.5,1.15,86,91,5.32,RU,1601265719
Saint Paul Harbor,57.79,-152.41,9.0,81,90,5.7,US,1601265719
Amalner,21.05,75.07,26.94,72,13,2.93,IN,1601265719
Mangai,-4.05,19.53,21.78,97,100,0.85,CD,1601265720
Atuona,-9.8,-139.03,25.69,73,2,6.53,PF,1601265428
Slave Lake,55.28,-114.77,9.0,76,90,2.1,CA,1601265720
Gaspar,-26.93,-48.96,21.0,94,100,2.6,BR,1601265721
Lorengau,-2.02,147.27,27.92,78,90,4.66,PG,1601265721
Busselton,-33.65,115.33,18.89,66,52,1.34,AU,1601265721
Vaini,-21.2,-175.2,26.0,69,20,3.6,TO,1601265722
Quatre Cocos,-20.21,57.76,25.0,88,40,3.1,MU,1601265722
Makakilo City,21.35,-158.09,31.0,48,1,4.1,US,1601265722
Geraldton,-28.77,114.6,22.0,53,40,5.1,AU,1601265723
Nishihara,26.18,127.76,28.0,78,75,2.6,JP,1601265723
Nouadhibou,20.93,-17.03,22.0,78,0,10.3,MR,1601265723
Kapaa,22.08,-159.32,28.0,74,1,5.7,US,1601265724
Jørpeland,59.02,6.04,10.56,100,0,2.1,NO,1601265724
Cidreira,-30.18,-50.21,18.87,97,92,4.09,BR,1601265509
Hermanus,-34.42,19.23,8.33,77,0,2.82,ZA,1601265725
Upernavik,72.79,-56.15,-3.25,97,100,4.91,GL,1601265725
Jamestown,-15.94,-5.72,15.82,88,100,9.22,SH,1601265701
Anito,12.45,125.29,29.14,80,62,2.23,PH,1601265726
Portland,-38.33,141.6,13.47,57,0,4.49,AU,1601265726
Zipaquirá,5.02,-74.0,9.0,87,32,1.0,CO,1601265604
Salalah,17.02,54.09,24.0,83,91,1.5,OM,1601265727
Acaraú,-2.89,-40.12,24.83,86,26,6.01,BR,1601265511
Rørvik,64.86,11.24,11.21,81,17,6.57,NO,1601265728
Erzin,50.26,95.16,8.3,50,0,1.0,RU,1601265728
Sambava,-14.27,50.17,21.5,85,50,3.42,MG,1601265729
Batagay-Alyta,67.8,130.41,3.69,86,100,2.02,RU,1601265729
Iqaluit,63.75,-68.51,-4.0,79,5,3.66,CA,1601265445
Tiksi,71.69,128.87,6.4,71,92,4.74,RU,1601265730
Soe,-9.86,124.28,30.6,36,49,5.74,ID,1601265730
Tabou,4.42,-7.35,24.39,90,43,2.67,CI,1601265730
Hithadhoo,-0.6,73.08,28.41,66,100,2.17,MV,1601265731
Foshan,23.03,113.13,26.11,74,75,2.0,CN,1601265731
Okhotsk,59.38,143.3,9.79,76,98,5.56,RU,1601265731
Umm Hājar,13.3,19.7,25.28,76,100,1.55,TD,1601265732
Kailua,21.4,-157.74,27.0,69,40,4.1,US,1601265640
Yellowknife,62.46,-114.35,7.0,87,90,6.2,CA,1601265606
Pevek,69.7,170.31,2.89,79,100,8.43,RU,1601265732
Mount Gambier,-37.83,140.77,16.0,51,8,3.1,AU,1601265733
Dawei,14.08,98.2,26.73,85,100,1.3,MM,1601265733
La Santisima Trinidad,-14.83,-64.9,24.32,79,27,1.11,BO,1601265726
Port Alfred,-33.59,26.89,10.85,70,0,3.42,ZA,1601265734
Narsaq,60.92,-46.05,1.0,59,0,2.6,GL,1601265734
Bodītī,6.97,37.87,14.57,92,17,0.43,ET,1601265735
Georgetown,-7.93,-14.42,23.29,77,44,7.85,SH,1601265735
Mar del Plata,-38.0,-57.56,12.22,93,90,8.2,AR,1601265735
Novoagansk,61.94,76.66,6.47,70,63,6.53,RU,1601265736
Khasan,42.43,130.64,19.98,66,52,3.32,RU,1601265736
Tura,64.28,100.25,8.05,84,100,8.95,RU,1601265736
Petra,30.32,35.48,20.87,35,0,4.93,JO,1601265737
Vilyuysk,63.76,121.62,5.52,80,96,3.02,RU,1601265737
Inhambane,-23.86,35.38,23.71,83,69,2.71,MZ,1601265737
Laguna,-28.48,-48.78,19.72,96,100,3.02,BR,1601265738
Santo Antônio do Tauá,-1.15,-48.13,25.0,88,83,2.1,BR,1601265738
Nikolskoye,59.7,30.79,10.0,81,1,4.0,RU,1601265738
Jinzhou,41.11,121.14,25.19,49,0,6.04,CN,1601265739
Ribeira Grande,38.52,-28.7,20.79,89,99,3.3,PT,1601265441
Marsaxlokk,35.84,14.54,20.56,72,29,3.1,MT,1601265740
Harpanahalli,14.8,75.98,23.07,85,100,3.06,IN,1601265443
Santa Maria,16.6,-22.9,28.0,78,75,4.1,CV,1601265600
Provideniya,64.38,-173.3,4.0,60,75,7.0,RU,1601265740
Chokurdakh,70.63,147.92,7.58,73,88,2.28,RU,1601265741
Port Lincoln,-34.73,135.87,17.55,55,48,9.65,AU,1601265546
Marsh Harbour,26.54,-77.06,28.06,74,40,2.69,BS,1601265741
Ust'-Kalmanka,52.12,83.31,8.32,72,32,3.28,RU,1601265742
Gomel,52.43,30.98,11.0,93,75,5.0,BY,1601265742
Aykhal,66.0,111.5,1.0,69,75,3.0,RU,1601265742
Kristianstad,56.03,14.15,15.0,87,34,4.16,SE,1601265743
Port Moresby,-9.44,147.18,32.0,70,40,7.7,PG,1601265477
Mount Isa,-20.73,139.5,32.0,8,6,4.6,AU,1601265743
Dunedin,-45.87,170.5,6.67,64,78,2.68,NZ,1601265744
Makhachkala,42.98,47.5,14.0,82,1,3.0,RU,1601265638
Kilrush,52.64,-9.48,14.0,93,75,3.6,IE,1601265744
Pangnirtung,66.15,-65.71,-2.19,91,43,0.35,CA,1601265744
Kirensk,57.79,108.11,7.92,72,100,4.63,RU,1601265745
Grand Gaube,-20.01,57.66,25.0,72,7,3.58,MU,1601265549
Mackenzie,55.3,-123.17,8.0,93,90,6.2,CA,1601265605
Karligan,14.97,122.05,31.11,63,97,2.18,PH,1601265745
Raudeberg,61.99,5.14,13.33,86,99,4.12,NO,1601265746
São José da Coroa Grande,-8.9,-35.15,24.43,89,80,4.79,BR,1601265746
Port Hedland,-20.32,118.57,32.0,38,0,7.2,AU,1601265747
Castro,-42.47,-73.77,8.89,89,59,0.89,CL,1601265747
Thompson,55.74,-97.86,6.0,93,90,4.6,CA,1601265747
Hasaki,35.73,140.83,27.78,50,20,5.7,JP,1601265748
Aklavik,68.22,-135.01,2.0,96,90,3.1,CA,1601265476
Arrondissement de Riom,45.92,2.92,11.0,76,100,2.6,FR,1601265748
Ambilobe,-13.2,49.05,23.25,64,69,1.79,MG,1601265749
Esperance,-33.87,121.9,21.0,60,40,5.7,AU,1601265749
Hakkâri Province,37.58,44.17,14.11,50,0,2.13,TR,1601265461
Avarua,-21.21,-159.78,23.0,73,0,5.7,CK,1601265749
Soyo,-6.13,12.37,23.08,84,78,3.03,AO,1601265750
Severnyy-Kospashskiy,59.09,57.8,5.56,100,64,0.69,RU,1601265750
Norton Shores,43.17,-86.26,15.56,86,100,4.92,US,1601265750
Cabo San Lucas,22.89,-109.91,30.0,51,5,2.6,MX,1601265532
São João da Barra,-21.64,-41.05,23.63,82,0,5.15,BR,1601265751
Yar-Sale,66.83,70.83,4.15,72,49,7.13,RU,1601265752
Carnarvon,-24.87,113.63,22.0,64,13,6.7,AU,1601265752
Klaksvík,62.23,-6.59,10.0,100,97,8.7,FO,1601265752
Komsomol'skiy,43.98,46.7,18.2,51,0,7.19,RU,1601265753
Shimoda,34.67,138.95,25.0,57,20,6.2,JP,1601265753
Saldanha,-33.01,17.94,3.0,75,0,1.92,ZA,1601265459
Suez,29.97,32.53,24.74,65,0,4.39,EG,1601265603
Nome,64.5,-165.41,9.0,74,1,5.1,US,1601265754
Morondava,-20.28,44.28,24.04,73,11,1.67,MG,1601265754
Altay,47.87,88.12,10.01,44,23,1.97,CN,1601265755
Kemijärvi,66.71,27.43,8.69,96,100,1.92,FI,1601265755
Mitchell,43.71,-98.03,12.0,76,90,5.1,US,1601265755
Saint-Philippe,-21.36,55.77,24.0,57,69,1.5,RE,1601265756
Cartagena,10.4,-75.51,26.73,81,96,1.13,CO,1601265545
Kinablangan,7.69,126.55,29.5,69,100,2.67,PH,1601265757
Eureka,40.8,-124.16,18.0,72,90,2.1,US,1601265650
Ciudad Bolivar,8.12,-63.55,25.05,87,100,1.2,VE,1601265507
Magadan,59.57,150.8,9.09,79,71,3.18,RU,1601265464
Montes Altos,-5.83,-47.07,26.53,56,34,2.21,BR,1601265758
Yeppoon,-23.13,150.73,26.0,44,40,4.6,AU,1601265759
Lima,-12.04,-77.03,16.11,82,40,2.1,PE,1601265468
Horqueta,-23.34,-57.06,18.84,92,20,4.44,PY,1601265759
Port Elizabeth,-33.92,25.57,8.0,81,8,3.1,ZA,1601265760
Manicoré,-5.81,-61.3,23.21,93,67,0.43,BR,1601265760
Rawson,-43.3,-65.1,11.1,45,6,5.03,AR,1601265653
Bosaso,11.28,49.18,30.03,68,59,2.71,SO,1601265761
Atasū,48.68,71.64,7.27,59,0,3.81,KZ,1601265761
San Cristobal,-0.9,-89.62,19.59,84,66,6.69,EC,1601265762
Arraial do Cabo,-22.97,-42.03,23.0,88,2,4.1,BR,1601265606
Talnakh,69.49,88.4,0.0,93,40,8.0,RU,1601265763
Awjilah,29.11,21.29,27.86,27,0,3.88,LY,1601265763
Ilebo,-4.32,20.58,22.07,95,93,0.87,CD,1601265763
Khedbrahma,24.03,73.05,27.28,64,0,0.83,IN,1601265764
Barrow,71.29,-156.79,0.0,96,90,4.6,US,1601265764
Dauphin,51.15,-100.05,11.0,62,90,4.6,CA,1601265764
Berlevåg,70.86,29.09,6.0,81,95,6.7,NO,1601265481
Palmer,42.16,-72.33,22.0,88,90,2.0,US,1601265765
Alyangula,-13.85,136.42,34.0,34,51,3.6,AU,1601265765
Cherskiy,68.75,161.3,8.63,54,100,3.67,RU,1601265766
Nouna,12.73,-3.87,24.38,79,33,3.1,BF,1601265766
Almazar,40.32,69.01,17.0,36,7,4.0,UZ,1601265766
Tomatlán,19.93,-105.25,26.39,87,94,0.1,MX,1601265767
Oriximiná,-1.77,-55.87,25.6,73,23,1.64,BR,1601265767
Billings Metropolitan Area,45.78,-108.5,9.44,34,20,3.1,US,1601265767
Saint George,32.38,-64.68,25.0,78,75,6.7,BM,1601265723
Ponta do Sol,17.2,-25.09,26.49,81,44,5.79,CV,1601265768
Torbay,47.67,-52.73,18.0,88,90,9.8,CA,1601265769
Fairbanks,64.84,-147.72,12.0,53,75,4.1,US,1601265525
Sirte,31.21,16.59,25.82,80,21,4.42,LY,1601265769
Norman Wells,65.28,-126.83,11.0,66,90,8.2,CA,1601265770
Necochea,-38.55,-58.74,7.78,93,99,4.92,AR,1601265690
Machico,32.7,-16.77,21.0,73,40,4.1,PT,1601265770
Asunción,-25.3,-57.64,20.0,60,75,8.2,PY,1601265514
Lar,27.66,54.32,22.0,46,0,1.76,IR,1601265771
Luanda,-8.84,13.23,22.0,88,75,1.5,AO,1601265771
San Quintín,30.48,-115.95,20.23,80,0,1.07,MX,1601265772
Manakara,-22.13,48.02,22.35,76,41,2.33,MG,1601265772
Katsuura,35.13,140.3,27.78,61,20,3.1,JP,1601265486
Sakhnovshchyna,49.15,35.87,13.91,85,39,2.88,UA,1601265773
Cayenne,4.93,-52.33,26.0,88,20,1.0,GF,1601265609
Lavrentiya,65.58,-171.0,2.17,82,94,4.98,RU,1601265774
Pacific Grove,36.62,-121.92,20.56,67,13,1.19,US,1601265693
Bubaque,11.28,-15.83,26.58,75,98,3.4,GW,1601265774
Beringovskiy,63.05,179.32,4.6,67,0,2.71,RU,1601265775
East London,-33.02,27.91,9.0,81,1,3.1,ZA,1601265775
Pisco,-13.7,-76.22,16.11,77,20,1.0,PE,1601265776
Karasjok,69.47,25.51,6.0,87,98,11.8,NO,1601265776
Misratah,32.38,15.09,26.19,66,78,4.76,LY,1601265777
Kamenka,51.32,42.77,9.1,49,22,5.72,RU,1601265777
Shingū,33.73,135.98,26.0,54,20,5.1,JP,1601265778
Ambulu,-8.35,113.61,29.93,61,39,5.26,ID,1601265778
Firminy,45.39,4.29,9.0,93,90,2.6,FR,1601265779
Mahébourg,-20.41,57.7,22.0,88,40,3.1,MU,1601265780
Husavik,66.04,-17.34,6.0,100,90,2.87,IS,1601265780
Kłobuck,50.9,18.94,5.0,82,25,4.03,PL,1601265780
Pirgos,35.12,25.72,23.89,71,0,1.34,GR,1601265781
Vaitape,-16.52,-151.75,26.19,76,2,6.53,PF,1601265781
Luau,-10.71,22.22,23.77,53,99,1.72,AO,1601265781
North Myrtle Beach,33.82,-78.68,22.22,94,40,1.21,US,1601265651
Touros,-5.2,-35.46,24.0,94,75,2.1,BR,1601265489
Marfino,55.7,37.38,9.0,57,85,5.0,RU,1601265782
Foumban,5.73,10.9,16.05,99,100,0.58,CM,1601265783
Kaitangata,-46.28,169.85,4.44,65,100,6.71,NZ,1601265783
Carahue,-38.7,-73.17,6.0,100,40,2.1,CL,1601265784
Birjand,32.87,59.22,19.0,17,75,5.1,IR,1601265784
Ko Samui,9.54,99.94,26.0,83,20,2.1,TH,1601265784
Neyshabur,36.21,58.8,15.5,31,93,0.98,IR,1601265785
São Filipe,14.9,-24.5,26.51,83,48,1.36,CV,1601265785
Darhan,49.49,105.92,9.22,54,0,0.22,MN,1601265785
Kumul,42.8,93.45,19.64,23,80,0.76,CN,1601265786
Muisne,0.6,-80.03,23.51,87,97,4.24,EC,1601265786
Gamboma,-1.88,15.86,21.69,94,95,2.46,CG,1601265786
Kampene,-3.6,26.67,20.5,96,99,1.14,CD,1601265547
Kavieng,-2.57,150.8,26.59,81,100,1.86,PG,1601265787
Arlit,18.74,7.39,32.07,21,3,1.93,NE,1601265787
Kidal,18.44,1.41,29.53,20,2,1.28,ML,1601265787
Lebu,-37.62,-73.65,9.05,89,64,5.19,CL,1601265788
Katherine,-14.47,132.27,36.0,23,2,7.2,AU,1601265788
Pemba,-12.97,40.52,24.79,79,100,4.99,MZ,1601265788
High Prairie,55.43,-116.49,10.82,56,100,3.9,CA,1601265789
Kruisfontein,-34.0,24.73,6.78,81,23,2.67,ZA,1601265789
New Norfolk,-42.78,147.06,15.0,58,20,7.2,AU,1601265790
Avilés,43.55,-5.92,11.0,81,11,3.1,ES,1601265790
Mossamedes,-15.2,12.15,15.99,90,19,0.92,AO,1601265790
Sobolevo,54.43,31.9,11.89,93,100,6.73,RU,1601265791
Sola,-13.88,167.55,28.0,83,75,3.1,VU,1601265791
Coquimbo,-29.95,-71.34,11.0,87,21,2.1,CL,1601265791
Price,39.6,-110.81,13.0,32,1,9.3,US,1601265792
Zhovkva,50.06,23.97,4.0,93,1,3.0,UA,1601265792
Livramento,-3.03,-60.18,27.0,94,42,0.9,BR,1601265792
Klyuchi,52.27,79.17,8.76,61,83,2.38,RU,1601265793
Mahajanga,-15.72,46.32,22.0,94,20,1.5,MG,1601265793
Lagoa,39.05,-27.98,20.95,90,80,4.15,PT,1601265794
Kigali,-1.95,30.06,16.16,90,95,0.58,RW,1601265585
Port Hardy,50.7,-127.42,13.0,87,90,6.2,CA,1601265794
Pochutla,15.74,-96.47,24.44,83,100,1.25,MX,1601265795
Kearney,40.7,-99.08,9.0,57,1,3.6,US,1601265795
Pangody,65.85,74.49,3.9,80,13,5.91,RU,1601265795
Waitati,-45.75,170.57,6.67,70,57,12.96,NZ,1601265796
Roma,-26.58,148.78,23.4,20,0,1.02,AU,1601265796
Tuatapere,-46.13,167.68,5.56,71,81,8.94,NZ,1601265797
Kwang Binh,17.48,106.6,29.17,77,100,2.82,VN,1601265797
Oleksandrivka,48.96,32.23,9.81,90,2,2.18,UA,1601265797
Bagdarin,54.43,113.6,7.64,54,78,4.27,RU,1601265798
Genhe,50.78,121.52,11.04,46,19,3.9,CN,1601265798
Bredasdorp,-34.53,20.04,6.0,81,0,2.6,ZA,1601265798
Xapuri,-10.65,-68.5,22.91,91,45,0.83,BR,1601265532
Half Moon Bay,37.46,-122.43,29.0,43,20,4.1,US,1601265799
Bridlington,54.08,-0.19,9.0,87,85,2.6,GB,1601265799
Labuhan,-6.88,112.21,31.74,52,86,2.31,ID,1601265800
Dikson,73.51,80.55,2.34,81,100,12.04,RU,1601265800
Severo-Kuril'sk,50.68,156.12,9.2,87,100,20.8,RU,1601265800
Bratsk,56.13,101.61,7.0,64,75,6.0,RU,1601265801
Lompoc,34.64,-120.46,16.0,93,90,0.35,US,1601265801
Villa del Rosario,10.32,-72.31,24.22,85,95,2.78,VE,1601265801
Koslan,63.46,48.9,8.95,95,88,1.08,RU,1601265802
Baiyin,36.56,104.21,13.0,82,75,1.0,CN,1601265802
Uthal,25.81,66.62,28.12,68,22,2.81,PK,1601265648
Maniitsoq,65.42,-52.9,0.91,85,9,3.2,GL,1601265803
La Rioja,-29.41,-66.85,12.55,41,0,1.03,AR,1601265678
Ulaanbaatar,47.91,106.88,8.0,42,20,2.0,MN,1601265604
Rassvet,46.83,40.75,15.09,55,100,8.21,RU,1601265804
Ca Mau,9.18,105.15,25.43,89,100,5.46,VN,1601265804
College,64.86,-147.8,12.0,50,75,5.1,US,1601265804
Kaduqli,11.02,29.72,22.23,93,12,0.61,SD,1601265805
Cooma,-36.23,149.13,14.0,26,0,5.1,AU,1601265805
Khuldābād,20.05,75.18,25.0,78,20,0.5,IN,1601265805
Santo Augusto,-27.85,-53.78,18.0,93,90,5.7,BR,1601265806
Aloleng,16.13,119.78,29.8,71,97,2.71,PH,1601265806
Padang,-0.95,100.35,29.87,59,81,0.69,ID,1601265806
Teya,60.38,92.63,7.16,78,99,5.03,RU,1601265807
Linxia Chengguanzhen,35.6,103.21,15.91,65,96,2.1,CN,1601265807
Srednekolymsk,67.45,153.68,12.71,40,23,3.89,RU,1601265807
Ziarat,30.38,67.73,14.79,35,0,1.23,PK,1601265808
Beira,-19.84,34.84,23.14,92,2,3.63,MZ,1601265808
Vanimo,-2.67,141.3,30.04,65,16,3.3,PG,1601265808
Udachny,66.42,112.4,1.0,69,75,3.0,RU,1601265809
Sinnamary,5.38,-52.95,25.84,84,80,5.19,GF,1601265809
Ossora,59.24,163.07,9.46,61,0,3.29,RU,1601265809
Bonthe,7.53,-12.51,25.18,88,100,1.45,SL,1601265810
Horsham,-36.72,142.2,14.79,52,100,2.1,AU,1601265776
Lewistown,40.6,-77.57,18.0,100,20,0.87,US,1601265810
Nanortalik,60.14,-45.24,2.43,82,0,6.73,GL,1601265811
Sinjār,36.32,41.88,23.59,27,0,2.1,IQ,1601265811
Bathsheba,13.22,-59.52,28.0,78,40,6.7,BB,1601265811
Al Bardīyah,31.76,25.09,24.3,86,0,4.11,LY,1601265812
Grindavik,63.84,-22.43,6.0,93,75,4.6,IS,1601265812
Victoria,-4.62,55.45,26.0,83,75,2.1,SC,1601265625
Tilichiki,60.47,166.1,7.64,74,0,3.26,RU,1601265813
Derzhavīnsk,51.1,66.32,10.44,49,33,1.16,KZ,1601265813
Porosozero,62.72,32.73,9.15,96,21,1.89,RU,1601265813
Cockburn Town,24.03,-74.52,28.56,66,4,4.01,BS,1601265604
Samarai,-10.62,150.67,27.1,82,87,6.72,PG,1601265814
Bilma,18.69,12.92,30.63,16,78,2.78,NE,1601265815
Nipawin,53.37,-104.0,10.0,61,90,4.1,CA,1601265815
Vila Velha,-20.33,-40.29,25.56,83,0,8.7,BR,1601265551
Kitimat,54.05,-128.65,12.0,100,90,4.6,CA,1601265815
Biak,-0.91,122.88,28.98,62,95,4.82,ID,1601265816
Zhigansk,66.77,123.37,4.3,88,100,4.74,RU,1601265555
Auki,-8.77,160.7,29.33,72,43,3.49,SB,1601265816
Barhi,23.9,80.8,28.73,69,0,2.46,IN,1601265817
Saktī,22.03,82.97,30.0,61,0,0.45,IN,1601265817
Namatanai,-3.67,152.43,26.89,79,100,1.9,PG,1601265818
Baykal'sk,51.51,104.15,7.85,68,59,2.46,RU,1601265818
Baie-Comeau,49.22,-68.15,11.0,93,1,3.1,CA,1601265819
San Patricio,19.22,-104.7,27.22,80,66,0.92,MX,1601265819
Ilulissat,69.22,-51.1,-3.0,86,1,1.5,GL,1601265819
Forest Acres,34.02,-80.99,21.0,94,75,2.6,US,1601265820
Macapá,0.04,-51.07,28.0,88,20,2.6,BR,1601265634
Naze,28.37,129.48,27.0,74,75,4.1,JP,1601265820
Høyanger,61.22,6.07,11.11,94,75,0.45,NO,1601265820
Turukhansk,65.82,87.98,3.01,77,100,10.3,RU,1601265821
Atikokan,48.76,-91.62,8.22,89,40,3.53,CA,1601265821
Freeport,40.66,-73.58,21.11,94,90,5.1,US,1601265671
Chapais,49.78,-74.85,17.0,88,90,4.6,CA,1601265822
Estelle,29.85,-90.11,26.11,99,0,2.58,US,1601265822
Cascais,38.7,-9.42,16.67,92,0,6.77,PT,1601265822
Remanso,-9.62,-42.08,24.76,49,4,3.35,BR,1601265823
Kalmunai,7.42,81.82,29.55,66,0,3.01,LK,1601265823
Manavālakurichi,8.13,77.3,30.0,84,40,2.6,IN,1601265823
Veinticinco de Mayo,-35.43,-60.17,9.44,83,15,1.34,AR,1601265824
Abu Kamal,34.45,40.92,23.73,35,0,3.87,SY,1601265824
Jatibonico,21.94,-79.17,23.75,93,15,2.4,CU,1601265824
Morgan City,29.7,-91.21,26.0,100,1,2.6,US,1601265825
Les Herbiers,46.87,-1.02,8.89,93,6,2.6,FR,1601265825
Karratha,-20.74,116.85,33.1,18,32,7.3,AU,1601265826
Bilibino,68.05,166.44,3.77,69,100,1.33,RU,1601265826
Souillac,-20.52,57.52,22.0,88,40,3.1,MU,1601265826
Harper,4.38,-7.72,24.61,89,65,3.18,LR,1601265827
Kangaatsiaq,68.31,-53.46,1.23,84,94,2.76,GL,1601265827
Nong Khai,17.88,102.74,30.56,74,75,2.1,TH,1601265828
Agirish,61.92,63.02,7.68,90,100,3.69,RU,1601265828
Fort Nelson,58.81,-122.7,8.0,87,90,2.6,CA,1601265628
Clyde River,70.47,-68.59,-3.0,92,90,5.7,CA,1601265828
Poum,-20.23,164.02,23.68,85,42,7.59,NC,1601265829
Tazovsky,67.47,78.7,3.29,76,0,8.45,RU,1601265829
Pontianak,-0.03,109.33,25.13,86,100,2.51,ID,1601265830
Pingzhuang,42.04,119.29,21.06,51,16,4.47,CN,1601265830
Amod,21.98,72.9,27.0,83,75,1.5,IN,1601265830
Nata,-20.22,26.18,17.87,54,12,3.81,BW,1601265830
Geraldton,49.73,-86.95,10.0,93,40,2.6,CA,1601265831
Charters Towers,-20.1,146.27,30.78,26,27,3.88,AU,1601265831
Southbridge,-43.82,172.25,13.89,43,80,4.02,NZ,1601265831
Kroya,-7.63,109.25,22.22,70,80,5.18,ID,1601265832
Kormilovka,55.0,74.1,10.0,71,75,1.0,RU,1601265832
Mandalgovi,45.76,106.27,9.65,44,100,5.57,MN,1601265832
Kenai,60.55,-151.26,12.0,62,90,3.6,US,1601265833
Agua Verde,22.9,-106.05,30.0,83,40,2.1,MX,1601265833
Chara,56.91,118.26,7.65,56,85,3.93,RU,1601265833
Portree,57.41,-6.19,10.56,82,100,9.39,GB,1601265834
Lüderitz,-26.65,15.16,10.62,63,0,6.97,NA,1601265834
Ahipara,-35.17,173.17,14.55,63,18,6.44,NZ,1601265835
Osakarovka,50.56,72.57,6.6,62,0,1.64,KZ,1601265835
Bambous Virieux,-20.34,57.76,25.0,88,40,3.1,MU,1601265835
Caravelas,-17.71,-39.25,21.32,93,0,3.07,BR,1601265835
Vardø,70.37,31.11,7.0,81,75,6.2,NO,1601265836
Rio Grande,-32.03,-52.1,15.56,84,68,0.45,BR,1601265837
Tamandaré,-8.76,-35.1,24.43,89,55,4.41,BR,1601265611
Roebourne,-20.78,117.13,33.89,17,27,5.94,AU,1601265838
Huarmey,-10.07,-78.15,16.09,86,10,3.48,PE,1601265838
Hofn,64.25,-15.21,8.66,87,92,3.36,IS,1601265839
Nyurba,63.28,118.33,7.74,61,92,4.15,RU,1601265839
Novyy Svit,47.81,38.02,14.3,69,41,4.83,UA,1601265839
Teresina,-5.09,-42.8,28.0,69,44,3.6,BR,1601265839
Shibetsu,43.66,145.13,13.0,71,75,5.7,JP,1601265840
Hailar,49.2,119.7,10.32,55,0,7.67,CN,1601265840
Barcelos,-0.97,-62.92,24.1,81,0,0.45,BR,1601265840
Ixtapa,20.7,-105.2,27.22,94,90,1.5,MX,1601265611
Faanui,-16.48,-151.75,25.71,78,2,6.61,PF,1601265841
Boca do Acre,-8.75,-67.4,22.74,87,25,0.82,BR,1601265841
Gizo Government Station,-8.1,156.84,27.7,76,100,1.98,SB,1601265842
Panalingaan,8.78,117.42,29.57,74,93,4.77,PH,1601265842
High Level,58.52,-117.14,12.0,66,90,4.6,CA,1601265842
Nago,26.59,127.98,28.0,65,20,0.62,JP,1601265843
Dawlatabad,36.41,64.91,18.25,25,12,1.62,AF,1601265843
Acapulco de Juárez,16.86,-99.89,26.45,79,100,1.35,MX,1601265612
Baykit,61.67,96.37,8.78,73,100,6.02,RU,1601265844
Mogadishu,2.04,45.34,25.75,83,40,4.93,SO,1601265583
Vagay,57.94,69.02,11.18,87,17,2.56,RU,1601265844
Conde,-7.26,-34.91,24.0,100,75,3.6,BR,1601265844
Winnemucca,40.97,-117.74,16.0,26,1,4.1,US,1601265845
North Platte,41.12,-100.77,10.0,52,1,4.1,US,1601265688
Bethel,41.37,-73.41,21.11,100,90,1.41,US,1601265845
Zabol,31.03,61.5,21.0,21,23,9.3,IR,1601265670
Oddur,4.12,43.89,22.69,78,22,5.09,SO,1601265846
Aksu,41.12,80.26,18.5,28,95,2.17,CN,1601265846
Havøysund,71.0,24.66,7.0,81,40,9.3,NO,1601265846
Assiut,27.18,31.18,22.0,60,0,5.1,EG,1601265822
Saskylakh,71.92,114.08,1.38,94,100,10.38,RU,1601265847
Taoudenni,22.68,-3.98,31.75,12,0,1.68,ML,1601265847
Vinhedo,-23.03,-46.98,26.0,41,64,7.2,BR,1601265811
Muzhi,65.37,64.67,4.72,70,0,5.2,RU,1601265848
Wanning,18.8,110.4,29.66,76,100,2.42,CN,1601265848
Okha,53.57,142.95,11.62,67,0,7.37,RU,1601265849
Warri,5.52,5.75,23.44,93,79,0.9,NG,1601265849
Khandyga,62.67,135.6,11.82,79,100,3.79,RU,1601265849
Colón,20.8,-100.05,21.0,35,40,6.2,MX,1601265849
Charlottetown,46.24,-63.13,19.0,93,75,5.1,CA,1601265722
Kahului,20.89,-156.47,29.0,62,20,10.8,US,1601265850
Dhidhdhoo,6.88,73.1,27.95,73,0,3.2,MV,1601265850
Te Anau,-45.42,167.72,2.8,81,36,4.32,NZ,1601265653
Turmalina,-17.29,-42.73,18.05,48,0,0.5,BR,1601265687
Shintomi,32.08,131.47,25.0,50,75,7.7,JP,1601265851
Waipawa,-41.41,175.52,13.0,66,30,11.3,NZ,1601265852
Zárate,-34.1,-59.03,12.22,60,1,1.79,AR,1601265852
Banda Aceh,5.56,95.32,29.56,63,99,4.2,ID,1601265853
Skjervøy,70.03,20.97,8.56,71,3,3.71,NO,1601265853
Umluj,25.02,37.27,32.9,28,0,6.21,SA,1601265853
Brasília,-15.78,-47.93,21.0,49,0,1.0,BR,1601265854
Canguçu,-31.39,-52.68,15.56,84,79,0.45,BR,1601265854
Lázaro Cárdenas,17.96,-102.2,26.15,83,84,1.31,MX,1601265854
Trairi,-3.28,-39.27,25.35,84,27,4.64,BR,1601265855
Constitucion,23.99,-104.67,16.17,39,0,1.26,MX,1601265855
Alofi,-19.06,-169.92,26.0,78,75,8.2,NU,1601265855
Seydişehir,37.42,31.85,15.28,44,0,0.7,TR,1601265855
Kargasok,59.06,80.86,9.63,90,96,4.64,RU,1601265856
Yulara,-25.24,130.99,34.0,15,12,5.1,AU,1601265856
Yarensk,62.17,49.09,8.82,91,100,1.01,RU,1601265856
Xiaoshi,41.3,124.12,24.0,47,0,6.0,CN,1601265857
Kampot,10.62,104.18,27.0,88,75,4.6,KH,1601265857
Limbang,4.75,115.0,29.0,70,75,3.6,MY,1601265857
Kununurra,-15.77,128.73,36.0,28,3,5.7,AU,1601265858
Porto Novo,17.02,-25.06,26.35,79,52,5.14,CV,1601265858
Waddān,29.16,16.14,26.76,22,0,2.25,LY,1601265858
Calabozo,8.92,-67.43,23.99,87,45,1.47,VE,1601265858
Buraidah,26.33,43.98,25.0,41,0,2.6,SA,1601265740
Moses Lake,47.13,-119.28,17.0,42,1,2.1,US,1601265821
Hohhot,40.81,111.65,17.0,67,20,1.0,CN,1601265859
Carbonia,39.17,8.52,15.0,87,75,2.6,IT,1601265859
Chicama,-7.84,-79.15,16.64,81,63,2.41,PE,1601265860
Hobbs,32.7,-103.14,19.0,63,90,13.4,US,1601265572
Nantucket,41.28,-70.1,19.0,93,1,3.6,US,1601265801
Vostok,46.49,135.88,16.73,55,9,2.83,RU,1601265861
Comodoro Rivadavia,-45.87,-67.5,14.0,41,87,8.7,AR,1601265793
İstisu,40.95,48.07,16.0,67,90,2.6,AZ,1601265861
Blue Springs,39.02,-94.28,11.67,96,99,0.81,US,1601265861
Ugoofaaru,5.67,73.0,28.05,71,0,2.68,MV,1601265862
Kavaratti,10.57,72.64,28.0,83,20,2.6,IN,1601265855
Massa Marittima,43.05,10.89,11.11,80,49,1.0,IT,1601265862
Alice Springs,-23.7,133.88,33.0,10,75,4.6,AU,1601265862
Ferme-Neuve,46.7,-75.45,16.46,92,99,1.75,CA,1601265863
Belaya Gora,68.53,146.42,9.87,49,100,2.42,RU,1601265863
Vestmannaeyjar,63.44,-20.27,7.16,82,100,4.97,IS,1601265863
Leningradskiy,69.38,178.42,0.91,86,74,3.4,RU,1601265864
Ballina,-28.87,153.57,19.0,68,75,6.7,AU,1601265864
Mitsamiouli,-11.38,43.28,25.14,77,47,6.39,KM,1601265864
Aztec,36.82,-107.99,20.0,12,1,5.1,US,1601265865
Richards Bay,-28.78,32.04,15.22,90,100,5.54,ZA,1601265865
São Paulo de Olivença,-3.38,-68.87,24.59,76,14,0.91,BR,1601265865
Yamada,39.47,141.95,20.89,51,7,5.61,JP,1601265866
Taltal,-25.4,-70.48,12.12,73,7,0.44,CL,1601265648
Jacala,21.02,-99.18,16.06,93,29,1.74,MX,1601265866
Chui,-33.7,-53.46,12.18,93,9,5.45,UY,1601265866
Seoul,37.57,126.98,25.0,50,1,1.5,KR,1601265687
Santa Cruz de Barahona,18.21,-71.1,26.77,76,6,1.29,DO,1601265867
Sitka,57.05,-135.33,13.0,76,90,12.3,US,1601265843
Kisangani,0.52,25.2,20.28,98,100,0.8,CD,1601265868
Hamilton,39.18,-84.53,19.44,82,40,2.6,US,1601265845
Nizāmābād,18.67,78.12,26.25,83,69,3.49,IN,1601265868
Kuusamo,65.97,29.18,7.0,93,90,4.1,FI,1601265869
Pitsunda,43.16,40.34,20.0,68,40,5.0,GE,1601265869
Hirara,24.8,125.28,25.0,88,75,3.6,JP,1601265869
Riihimäki,60.74,24.78,11.0,93,1,3.1,FI,1601265870
Basco,20.45,121.97,28.0,83,97,5.81,PH,1601265870
Takoradze,4.88,-1.76,23.85,90,31,3.39,GH,1601265870
Muros,42.78,-9.06,11.11,83,18,0.45,ES,1601265871
Barsovo,61.17,73.17,8.0,100,75,4.0,RU,1601265871
Saint-Pierre,-21.34,55.48,24.0,57,42,1.5,RE,1601265607
Tonstad,58.66,6.72,12.78,97,0,3.45,NO,1601265872
San Jeronimo,29.37,-110.79,31.11,45,0,4.02,MX,1601265872
Jieshi,22.81,115.83,30.0,69,99,5.59,CN,1601265873
Inta,66.03,60.17,3.15,81,54,1.43,RU,1601265873
Vikýřovice,49.98,17.01,7.78,97,77,1.82,CZ,1601265873
Medininagar,24.03,84.07,29.0,68,0,1.61,IN,1601265874
Östersund,63.18,14.64,7.0,100,53,5.1,SE,1601265874
Itoman,26.12,127.67,28.0,78,75,2.6,JP,1601265874
Gao,16.64,1.64,30.89,39,57,3.35,ML,1601265754
Katiola,8.13,-5.1,23.0,100,20,2.1,CI,1601265875
Beloha,-25.17,45.05,21.73,82,40,3.27,MG,1601265875
Kościerzyna,54.12,17.98,10.56,87,90,4.1,PL,1601265876
Shetpe,44.17,52.12,9.93,58,0,4.03,KZ,1601265876
Kirkwall,58.98,-2.96,9.0,87,100,6.2,GB,1601265876
Fortuna,40.6,-124.16,16.11,82,1,2.6,US,1601265876
Lábrea,-7.26,-64.8,23.39,87,13,0.51,BR,1601265877
Bantry,51.68,-9.45,14.0,100,75,4.6,IE,1601265877
Siuna,13.73,-84.78,22.39,94,6,1.0,NI,1601265878
Lensk,60.73,114.93,8.08,73,99,5.13,RU,1601265878
Pimentel,-6.84,-79.93,15.49,90,6,5.16,PE,1601265879
Pedernales,18.04,-71.74,27.06,69,3,1.5,DO,1601265879
Suozhen,36.95,118.1,29.44,41,0,0.66,CN,1601265879
Doka,13.52,35.77,22.27,92,1,1.64,SD,1601265879
Havelock,34.88,-76.9,21.11,88,20,1.55,US,1601265880
Ol'ga,43.74,135.29,18.77,58,0,3.29,RU,1601265880
Mokobeng,-23.0,27.67,15.6,87,0,3.98,BW,1601265880
Kombissiri,12.07,-1.34,23.0,88,20,1.0,BF,1601265881
Evensk,61.95,159.23,8.03,77,73,5.59,RU,1601265881
Havre-St-Pierre,50.23,-63.6,11.0,93,75,1.0,CA,1601265881
Bartica,6.4,-58.62,24.0,100,40,2.1,GY,1601265882
Myanaung,18.28,95.32,28.42,83,90,1.23,MM,1601265882
São Félix do Xingu,-6.64,-51.99,23.35,70,0,0.44,BR,1601265634
Noumea,-22.28,166.46,22.0,83,90,6.2,NC,1601265750
Drayton Valley,53.22,-114.99,9.44,74,66,3.94,CA,1601265651
Salekhard,66.53,66.6,4.17,77,15,6.7,RU,1601265669
Coahuayana Viejo,18.73,-103.68,25.71,84,77,0.59,MX,1601265883
Gbarnga,7.0,-9.47,21.11,98,100,1.0,LR,1601265883
Kulevcha,46.03,29.94,14.38,53,9,1.19,UA,1601265884
Sioux Lookout,50.1,-91.92,9.0,87,90,6.7,CA,1601265854
Mihijam,23.85,86.88,29.55,71,9,2.97,IN,1601265884
Cradock,-32.16,25.62,3.86,83,2,1.19,ZA,1601265669
La Ronge,55.1,-105.28,8.0,70,90,4.1,CA,1601265885
Mombetsu,44.35,143.35,15.0,67,75,8.2,JP,1601265885
Uglegorsk,49.08,142.03,12.93,65,1,2.4,RU,1601265886
Tolmachëvo,54.98,82.74,7.0,81,65,1.0,RU,1601265886
Kawalu,-7.38,108.21,28.18,61,90,2.98,ID,1601265886
Diu,20.71,70.98,27.06,72,2,1.81,IN,1601265887
Hamilton,32.29,-64.78,25.0,78,75,6.7,BM,1601265648
Mfou,3.72,11.64,20.0,100,75,2.1,CM,1601265887
Adrar,25.75,-1.0,31.85,12,0,3.88,DZ,1601265887
Verkhnyaya Inta,65.98,60.31,2.99,83,55,1.52,RU,1601265888
Haines Junction,60.75,-137.51,2.83,87,85,1.6,CA,1601265746
Deputatsky,69.3,139.9,2.87,92,100,1.68,RU,1601265888
Tshela,-4.98,12.93,20.1,93,87,0.14,CD,1601265889
Carberry,49.87,-99.36,11.0,66,90,6.2,CA,1601265889
Quzhou,28.96,118.87,20.59,85,100,2.33,CN,1601265889
Nurota,40.56,65.69,13.0,47,63,3.1,UZ,1601265890
Port Macquarie,-31.43,152.92,20.0,44,45,0.89,AU,1601265890
Abay,49.63,72.85,6.0,70,1,1.0,KZ,1601265891
